0 10.306 4 3.342 
1 11.719 5 3.995 
2 12.183 5 4.295 
3 11.924 5 4.172 
4 12.511 4 4.543 
5 11.843 5 4.107 
6 12.09 5 4.286 
7 12.293 5 4.353 
8 11.944 5 4.14 
9 12.434 4 4.49 
10 12.163 5 4.263 
11 12.098 5 4.29 
12 12.204 5 4.34 
13 12.141 5 4.281 
14 11.997 5 4.105 
15 11.804 4 4.216 
16 12.173 5 4.301 
17 12.001 5 4.089 
18 11.656 4 3.908 
19 12.113 5 4.269 
20 12.173 5 4.293 
21 11.094 4 3.814 
22 11.895 4 4.215 
23 11.671 5 3.903 
24 11.761 5 3.961 
25 10.933 4 3.641 
26 10.267 4 3.271 
27 12.181 4 4.381 
28 12.198 4 4.35 
29 12.055 5 4.203 
30 10.76 4 3.592 
31 12.04 4 4.172 
32 12.296 4 4.26 
33 11.987 4 4.219 
34 11.986 5 4.054 
35 11.713 5 3.973 
36 11.755 5 4.023 
37 11.223 4 3.867 
38 11.689 5 3.889 
39 11.271 4 3.775 
40 11.901 5 4.197 
41 12.263 4 4.415 
42 10.882 4 3.742 
43 11.12 4 3.796 
44 11.652 5 4.188 
45 10.785 4 3.649 
46 11.32 4 4.136 
47 10.542 5 3.63 
48 12.022 5 4.322 
49 11.599 5 3.855 
50 11.723 5 4.031 
51 12.473 4 4.721 
52 12.211 5 4.783 
53 10.55 5 3.442 
54 10.826 5 3.762 
55 10.996 4 3.628 
56 11.405 4 3.965 
57 10.466 4 3.478 
58 12.222 5 4.338 
59 10.556 4 3.444 
60 11.955 4 4.227 
61 12.255 6 4.419 
62 11.333 5 3.877 
63 10.914 5 3.674 
64 10.511 5 3.319 
65 11.758 5 4.086 
66 12.132 4 4.252 
67 10.685 4 3.493 
68 12.159 4 4.323 
69 12.093 4 4.177 
70 11.641 5 4.001 
71 10.383 4 3.279 
72 11.629 5 3.809 
73 11.74 5 3.928 
74 11.683 5 3.983 
75 11.363 4 3.951 
76 12.302 5 4.262 
77 12.078 5 4.078 
78 12.715 5 4.615 
79 11.583 4 3.859 
80 11.854 4 4.194 
81 11.241 5 3.745 
82 11.017 5 3.677 
83 11.634 4 3.97 
84 12.046 5 4.238 
85 11.134 5 3.646 
86 11.451 5 3.755 
87 12.036 4 4.104 
88 12.162 5 4.166 
89 12.333 5 4.321 
90 11.097 5 3.657 
91 11.44 5 3.804 
92 11.278 5 3.81 
93 11.694 5 4.066 
94 11.922 4 4.042 
95 12.333 5 4.345 
96 12.475 5 4.423 
97 11.63 5 3.854 
98 11.109 5 3.749 
99 11.829 4 4.037 
100 12.132 5 4.212 
101 11.383 4 3.883 
102 10.895 4 3.579 
103 12.966 5 4.682 
104 12.186 5 4.218 
105 11.441 5 3.917 
106 12.338 4 4.642 
107 11.4 5 3.912 
108 11.501 5 3.937 
109 11.774 5 4.194 
110 10.47 5 3.374 
111 11.444 5 3.908 
112 11.902 4 4.106 
113 11.409 4 3.921 
114 11.662 5 3.954 
115 12.011 4 4.159 
116 12.316 4 4.536 
117 11.48 5 4.12 
118 11.911 4 4.199 
119 11.154 5 3.762 
120 11.21 5 3.77 
121 11.978 5 4.234 
122 10.863 5 3.527 
123 11.104 5 3.984 
124 11.718 4 3.89 
125 11.482 5 3.854 
126 12.134 5 4.29 
127 12.12 4 4.34 
128 12.116 4 4.324 
129 11.602 5 3.926 
130 9.84 4 2.968 
131 11.185 5 3.637 
132 11.263 4 3.671 
133 11.616 4 3.988 
134 11.141 5 3.789 
135 11.214 4 3.67 
136 11.577 5 4.089 
137 11.383 5 3.819 
138 12.469 5 4.317 
139 11.81 4 3.93 
140 11.044 5 3.672 
141 10.681 5 3.501 
142 12.098 4 4.106 
143 12.761 4 4.661 
144 11.794 4 4.062 
145 12.027 5 4.395 
146 11.958 5 4.278 
147 10.398 4 3.354 
148 11.485 4 3.977 
149 11.646 5 4.042 
150 10.597 5 3.569 
151 11.163 5 3.623 
152 11.355 5 3.891 
153 9.674 4 3.03 
154 11.886 5 4.002 
155 11.675 4 4.079 
156 11.191 4 3.639 
157 12.497 5 4.505 
158 12.167 5 4.175 
159 10.771 5 3.547 
160 11.942 4 4.118 
161 10.851 5 3.579 
162 10.424 4 3.388 
163 11.925 4 4.213 
164 12.162 4 4.294 
165 12.475 5 4.487 
166 11.661 4 4.021 
167 12.097 5 4.237 
168 10.285 5 3.257 
169 10.955 5 3.551 
170 11.95 5 4.254 
171 12.246 5 4.474 
172 12.681 5 4.633 
173 12.465 5 4.301 
174 11.815 4 4.191 
175 12.066 5 4.27 
176 11.92 5 4.372 
177 11.535 4 4.071 
178 10.367 4 3.391 
179 11.752 5 3.928 
180 12.204 4 4.3 
181 11.902 5 4.106 
182 11.817 5 4.145 
183 12.804 5 4.54 
184 11.194 4 3.77 
185 11.487 4 4.023 
186 11.94 5 4.116 
187 12.714 5 4.734 
188 10.909 4 3.757 
189 11.284 5 3.788 
190 11.593 5 3.977 
191 11.273 5 3.717 
192 10.517 4 3.357 
193 11.486 5 3.934 
194 11.399 4 3.999 
195 9.935 5 3.091 
196 11.516 5 3.92 
197 11.113 5 3.689 
198 10.173 5 3.129 
199 11.643 5 3.887 
200 12.835 5 4.655 
201 12.408 5 4.416 
202 12.505 4 4.445 
203 11.184 5 3.868 
204 12.662 5 4.618 
205 11.891 5 3.943 
206 11.773 5 4.137 
207 11.936 4 4.544 
208 10.519 4 3.455 
209 11.945 4 4.181 
210 12.043 5 4.219 
211 11.891 4 4.219 
212 11.702 5 4.174 
213 11.64 4 4.284 
214 11.947 4 4.151 
215 12.259 5 4.259 
216 11.909 4 4.085 
217 11.405 5 3.661 
218 11.86 5 3.94 
219 12.053 4 4.081 
220 10.912 5 3.656 
221 11.909 5 4.029 
222 12.1 5 4.088 
223 12.232 5 4.34 
224 10.048 5 3.044 
225 10.279 4 3.275 
226 10.404 4 3.284 
227 11.644 6 4.052 
228 12.11 4 4.158 
229 11.85 4 3.99 
230 11.764 4 4.056 
231 11.292 4 3.676 
232 11.358 5 3.702 
233 12.505 5 4.565 
234 12.034 4 4.166 
235 12.129 5 4.189 
236 9.808 4 3.028 
237 11.652 5 3.928 
238 12.57 5 4.45 
239 12.119 4 4.199 
240 11.1 5 3.652 
241 12.323 5 4.315 
242 10.865 6 3.789 
243 11.859 4 4.095 
244 12.242 6 4.266 
245 11.915 5 4.147 
246 11.862 5 4.126 
247 11.145 4 3.721 
248 12.157 5 4.265 
249 11.152 5 3.588 
250 11.614 5 3.814 
251 12.354 4 4.326 
252 11.245 4 3.697 
253 12.442 4 4.366 
254 10.185 4 3.241 
255 10.685 4 3.529 
256 10.94 5 3.728 
257 10.448 5 3.4 
258 11.861 5 4.009 
259 10.343 5 3.299 
260 11.692 5 3.824 
261 11.594 4 3.854 
262 10.81 4 3.386 
263 12.472 5 4.4 
264 11.912 5 4.324 
265 11.101 4 3.717 
266 11.677 5 4.073 
267 10.913 4 3.525 
268 9.687 4 2.963 
269 11.282 5 3.762 
270 11.145 5 3.757 
271 11.823 4 4.227 
272 11.663 5 3.939 
273 10.906 5 3.598 
274 11.713 4 3.981 
275 11.023 4 3.703 
276 11.337 5 3.833 
277 11.833 5 4.217 
278 11.553 5 3.933 
279 11.451 5 3.815 
280 11.997 4 4.285 
281 11.841 4 4.141 
282 12.161 5 4.257 
283 12.708 5 4.5 
284 11.89 4 4.058 
285 12.191 5 4.099 
286 12.202 4 4.162 
287 11.905 5 4.057 
288 9.969 4 3.109 
289 11.055 4 4.051 
290 9.955 4 3.123 
291 13.327 4 5.503 
292 11.124 4 3.66 
293 11.523 4 4.031 
294 10.393 4 3.409 
295 11.707 4 4.079 
296 11.772 5 3.988 
297 12.108 4 4.276 
298 11.627 5 3.891 
299 10.839 5 3.707 
300 10.587 5 3.379 
301 11.718 4 3.978 
302 11.329 5 3.769 
303 11.314 5 3.706 
304 11.349 5 3.857 
305 11.348 5 3.98 
306 12.404 4 4.484 
307 11.139 5 3.683 
308 11.413 4 3.881 
309 11.275 5 3.835 
310 11.639 4 3.963 
311 12.369 4 4.557 
312 11.595 4 3.947 
313 12.232 5 4.404 
314 10.149 4 3.145 
315 11.353 4 3.801 
316 9.766 4 3.042 
317 11.303 4 3.803 
318 11.465 5 4.141 
319 11.04 4 3.648 
320 11.243 5 3.675 
321 11.04 5 3.736 
322 11.997 5 4.365 
323 12.044 5 4.1 
324 11.218 5 3.754 
325 12.592 4 4.924 
326 12.046 4 4.398 
327 11.597 5 3.833 
328 10.926 4 3.75 
329 10.928 4 3.532 
330 11.646 4 3.922 
331 11.138 5 3.606 
332 11.423 4 3.755 
333 11.768 5 4.0 
334 11.589 5 4.137 
335 11.649 5 4.165 
336 11.684 5 3.84 
337 12.302 4 4.398 
338 11.62 5 3.96 
339 9.491 5 2.903 
340 10.491 5 3.351 
341 10.435 5 3.291 
342 12.386 5 4.402 
343 12.929 4 4.753 
344 12.101 5 4.209 
345 11.452 5 3.864 
346 10.746 5 3.438 
347 11.414 4 3.926 
348 12.544 4 4.54 
349 11.084 4 3.696 
350 11.776 5 4.16 
351 12.051 4 4.231 
352 12.103 4 4.295 
353 11.638 5 3.926 
354 12.939 5 4.671 
355 11.47 4 3.79 
356 12.517 4 4.369 
357 11.388 4 3.824 
358 12.206 4 4.442 
359 11.26 4 3.8 
360 12.468 4 4.38 
361 11.567 5 3.903 
362 12.285 4 4.309 
363 11.261 5 3.777 
364 11.151 5 3.791 
365 10.782 5 3.45 
366 10.751 5 3.459 
367 11.498 5 4.046 
368 10.759 5 3.499 
369 11.073 5 3.629 
370 10.038 5 3.314 
371 9.547 5 2.915 
372 11.086 4 3.686 
373 12.113 4 4.345 
374 12.376 5 4.496 
375 11.506 5 4.002 
376 11.36 4 3.836 
377 11.647 5 3.959 
378 11.108 4 3.776 
379 12.067 5 4.183 
380 11.568 5 3.98 
381 12.373 4 4.385 
382 12.227 5 4.283 
383 11.977 5 4.077 
384 12.328 5 4.308 
385 12.046 4 4.182 
386 12.147 4 4.239 
387 11.534 5 3.882 
388 12.246 4 4.33 
389 12.736 5 4.6 
390 12.059 5 4.111 
391 10.024 4 3.12 
392 10.438 5 3.374 
393 12.797 5 4.785 
394 9.343 5 2.787 
395 10.622 4 3.454 
396 11.275 4 3.687 
397 11.705 5 4.089 
398 11.364 4 3.912 
399 11.686 5 3.846 
400 11.982 5 4.166 
401 11.057 5 3.557 
402 9.703 5 2.919 
403 11.756 5 4.008 
404 11.935 5 4.183 
405 11.552 5 3.944 
406 10.367 4 3.539 
407 8.905 5 2.757 
408 9.551 4 2.883 
409 11.03 5 3.67 
410 11.107 4 3.947 
411 11.518 5 4.018 
412 11.744 5 4.092 
413 12.518 5 4.614 
414 12.673 4 4.537 
415 10.489 4 3.961 
416 11.854 5 3.962 
417 12.263 5 4.311 
418 12.331 4 4.363 
419 10.286 6 3.566 
420 11.259 4 3.739 
421 11.199 4 3.799 
422 11.556 4 3.96 
423 11.735 5 4.195 
424 11.935 4 4.403 
425 12.135 4 4.435 
426 10.794 4 3.75 
427 12.019 5 4.403 
428 12.544 6 4.644 
429 12.008 4 4.184 
430 11.582 5 4.258 
431 11.067 4 3.555 
432 11.744 5 3.936 
433 11.552 4 3.888 
434 11.922 4 4.01 
435 9.287 4 2.731 
436 10.04 4 3.056 
437 11.498 5 3.786 
438 11.978 4 4.41 
439 12.135 4 4.339 
440 11.628 4 3.96 
441 11.543 4 3.891 
442 11.772 5 4.032 
443 12.036 4 4.316 
444 10.552 5 3.568 
445 12.003 5 4.111 
446 11.664 5 3.936 
447 11.866 4 4.206 
448 11.111 5 3.655 
449 11.152 5 3.708 
450 11.778 4 4.098 
451 11.365 4 3.793 
452 11.084 5 3.696 
453 11.441 5 4.113 
454 11.56 4 4.112 
455 11.945 4 4.109 
456 12.364 4 4.592 
457 11.202 4 3.678 
458 11.737 5 4.157 
459 12.238 4 4.394 
460 11.921 4 4.313 
461 10.349 5 3.281 
462 12.349 4 4.229 
463 12.114 5 4.094 
464 12.305 5 4.389 
465 11.46 4 3.996 
466 11.741 5 4.177 
467 11.009 5 3.533 
468 10.722 4 3.586 
469 12.42 5 4.364 
470 11.565 5 3.917 
471 12.283 5 4.503 
472 11.673 5 3.961 
473 11.515 5 3.911 
474 11.432 5 4.052 
475 12.287 5 4.163 
476 12.472 5 4.456 
477 12.969 6 4.817 
478 12.876 5 4.868 
479 11.224 5 3.624 
480 11.627 4 3.903 
481 11.919 5 3.999 
482 10.785 5 3.785 
483 10.635 5 3.695 
484 10.902 4 3.538 
485 11.955 4 4.259 
486 12.337 5 4.533 
487 12.283 5 4.419 
488 12.136 4 4.26 
489 12.775 4 4.603 
490 12.239 4 4.447 
491 12.281 5 4.409 
492 12.51 4 4.566 
493 12.052 5 4.492 
494 10.564 5 3.6 
495 11.787 4 4.211 
496 11.99 4 4.322 
497 12.299 4 4.307 
498 11.184 4 3.712 
499 12.551 5 4.571 
500 11.472 5 3.752 
501 11.031 5 3.759 
502 12.592 5 4.444 
503 12.456 5 4.456 
504 11.64 4 3.956 
505 10.22 4 3.184 
506 10.823 4 3.531 
507 11.262 4 3.766 
508 11.677 4 3.949 
509 10.637 5 3.641 
510 10.578 5 3.406 
511 11.9 4 4.132 
512 11.393 4 3.813 
513 12.273 5 4.689 
514 12.553 5 4.545 
515 11.972 5 4.148 
516 12.374 5 4.37 
517 11.245 5 3.769 
518 11.216 5 3.816 
519 11.796 5 4.016 
520 11.281 4 3.777 
521 10.554 5 3.578 
522 11.412 5 3.828 
523 11.255 4 3.851 
524 11.791 4 3.923 
525 10.007 4 3.155 
526 11.486 4 3.874 
527 10.72 5 3.412 
528 11.819 5 4.079 
529 11.803 4 4.003 
530 11.293 5 3.721 
531 11.784 5 3.968 
532 10.967 4 3.587 
533 11.366 4 3.75 
534 11.432 5 3.836 
535 11.476 5 3.876 
536 12.506 5 4.49 
537 11.669 4 3.957 
538 11.027 4 3.559 
539 11.347 5 3.831 
540 11.439 4 3.819 
541 11.726 4 3.986 
542 12.462 5 4.294 
543 11.462 5 3.774 
544 11.182 4 3.782 
545 12.298 5 4.486 
546 12.778 6 4.53 
547 11.796 5 3.968 
548 12.624 5 4.572 
549 13.286 5 5.238 
550 9.875 5 3.279 
551 12.145 4 4.297 
552 11.403 4 3.871 
553 12.175 4 4.219 
554 12.185 5 4.145 
555 11.254 5 3.75 
556 11.519 4 3.847 
557 12.231 5 4.207 
558 10.765 5 3.641 
559 11.571 5 3.999 
560 11.861 4 4.077 
561 11.054 4 3.946 
562 11.506 4 3.91 
563 11.09 4 3.73 
564 11.599 5 3.887 
565 11.846 4 4.246 
566 11.949 5 4.181 
567 11.917 5 4.069 
568 10.668 5 3.588 
569 11.538 5 3.79 
570 11.723 5 3.923 
571 11.476 4 3.836 
572 12.15 4 4.258 
573 12.17 5 4.322 
574 10.548 5 3.328 
575 11.21 4 3.71 
576 11.848 4 4.08 
577 11.347 4 3.787 
578 11.459 5 3.775 
579 12.137 4 4.137 
580 12.802 5 4.57 
581 10.939 4 3.635 
582 11.904 5 4.008 
583 10.647 5 3.731 
584 11.537 4 3.989 
585 12.242 4 4.218 
586 12.12 4 4.232 
587 12.668 5 4.748 
588 10.922 5 3.53 
589 11.475 5 3.863 
590 11.702 5 4.178 
591 11.696 5 3.952 
592 12.413 5 4.341 
593 12.667 5 4.547 
594 11.697 5 3.921 
595 11.843 5 4.051 
596 11.354 4 3.906 
597 12.086 4 4.19 
598 11.53 4 3.886 
599 14.023 5 5.675 
600 11.056 4 3.692 
601 10.511 5 3.431 
602 9.116 4 2.736 
603 10.09 5 3.178 
604 10.992 5 3.852 
605 11.512 4 3.824 
606 10.982 5 3.526 
607 12.056 5 4.176 
608 11.989 5 4.097 
609 12.006 5 4.378 
610 11.354 5 3.654 
611 11.793 5 4.001 
612 9.941 5 3.049 
613 11.161 4 3.649 
614 11.219 4 3.959 
615 10.881 5 3.541 
616 11.868 4 4.164 
617 11.294 4 3.718 
618 13.004 5 4.788 
619 10.984 5 3.924 
620 9.583 5 3.207 
621 10.957 5 3.665 
622 12.284 5 4.32 
623 11.094 5 3.782 
624 11.629 5 3.965 
625 10.24 4 3.284 
626 11.608 4 3.9 
627 11.689 4 3.929 
628 11.958 5 4.046 
629 12.152 5 4.232 
630 11.85 5 4.05 
631 12.481 6 4.585 
632 10.762 5 3.498 
633 11.903 5 4.039 
634 12.109 5 4.437 
635 11.006 5 3.754 
636 12.019 5 4.147 
637 10.197 4 3.309 
638 10.836 5 3.572 
639 11.585 4 3.937 
640 11.888 4 4.092 
641 11.298 5 3.794 
642 11.555 4 3.999 
643 11.719 5 4.255 
644 11.253 5 3.909 
645 11.2 5 3.812 
646 11.383 4 3.819 
647 10.643 5 3.531 
648 11.03 4 3.75 
649 11.237 5 3.777 
650 11.412 5 3.904 
651 11.748 4 3.964 
652 11.316 5 3.736 
653 12.327 4 4.291 
654 12.191 5 4.171 
655 9.601 5 2.937 
656 11.27 4 3.734 
657 12.031 4 4.179 
658 11.6 4 3.972 
659 11.931 4 4.147 
660 10.823 5 3.599 
661 10.263 4 3.275 
662 11.584 5 3.86 
663 12.132 5 4.488 
664 9.992 4 3.14 
665 12.181 5 4.301 
666 11.42 5 3.708 
667 12.339 5 4.283 
668 14.452 6 6.06 
669 9.518 4 2.918 
670 11.543 5 3.955 
671 12.536 5 4.676 
672 11.598 4 3.786 
673 11.622 4 3.862 
674 9.741 5 2.905 
675 11.561 5 3.941 
676 12.232 5 4.12 
677 10.972 5 3.54 
678 12.086 6 4.35 
679 13.777 5 5.681 
680 12.379 5 4.195 
681 7.828 4 1.96 
682 12.113 5 4.077 
683 11.908 5 4.348 
684 13.217 5 5.157 
685 9.263 5 2.783 
686 11.768 5 4.012 
687 12.235 5 4.323 
688 11.009 4 4.121 
689 11.43 5 4.034 
690 10.905 5 3.625 
691 11.021 5 3.553 
692 11.535 5 3.907 
693 11.673 4 3.981 
694 12.437 5 4.597 
695 12.748 4 4.832 
696 11.979 4 4.043 
697 11.424 5 3.728 
698 12.175 5 4.431 
699 12.035 4 4.023 
700 12.23 5 4.198 
701 10.048 4 3.096 
702 11.95 5 4.218 
703 11.029 5 3.661 
704 12.432 4 4.46 
705 12.597 4 4.513 
706 11.051 4 3.895 
707 12.295 4 4.471 
708 10.926 4 3.786 
709 12.757 5 4.577 
710 9.72 4 3.016 
711 11.94 5 4.224 
712 11.442 4 4.046 
713 12.346 5 4.306 
714 10.775 5 3.663 
715 12.14 5 4.304 
716 11.741 5 4.081 
717 12.314 5 4.766 
718 10.999 5 3.523 
719 12.102 5 4.174 
720 11.19 5 3.934 
721 11.88 5 4.052 
722 11.359 5 3.783 
723 11.352 4 4.092 
724 11.799 5 4.103 
725 10.161 4 3.261 
726 11.713 5 4.037 
727 10.982 4 3.694 
728 11.055 4 3.643 
729 12.109 4 4.293 
730 11.728 4 4.168 
731 11.751 4 4.055 
732 11.936 5 4.244 
733 12.059 5 4.115 
734 11.048 4 3.64 
735 12.204 4 4.156 
736 11.635 4 3.987 
737 12.116 5 4.136 
738 12.336 4 4.364 
739 12.283 5 4.207 
740 11.971 5 4.103 
741 12.051 4 4.123 
742 12.388 5 4.444 
743 12.113 5 4.117 
744 12.044 4 4.148 
745 11.557 4 3.953 
746 10.623 4 3.479 
747 11.719 5 4.071 
748 11.947 5 4.107 
749 12.449 4 4.429 
750 11.899 5 4.103 
751 12.199 5 4.363 
752 11.813 6 4.017 
753 11.81 5 4.022 
754 11.956 5 4.136 
755 9.763 5 3.063 
756 11.053 4 3.825 
757 11.096 4 3.648 
758 12.073 5 4.225 
759 11.535 4 3.903 
760 11.453 5 3.977 
761 12.027 4 4.199 
762 11.851 5 4.119 
763 11.625 4 4.209 
764 11.878 4 4.138 
765 11.58 5 4.12 
766 11.616 4 4.144 
767 12.057 5 4.157 
768 10.82 5 3.46 
769 12.384 4 4.324 
770 13.574 5 5.502 
771 10.942 5 3.822 
772 12.425 5 4.369 
773 11.961 5 4.013 
774 11.657 4 3.973 
775 11.711 4 3.871 
776 12.207 5 4.059 
777 11.86 4 3.984 
778 13.238 5 5.234 
779 12.402 5 4.222 
780 12.48 4 4.656 
781 8.084 4 2.152 
782 10.143 4 3.231 
783 11.27 5 3.754 
784 12.353 5 4.345 
785 11.629 4 3.897 
786 11.547 4 3.831 
787 11.612 4 3.964 
788 10.936 4 3.564 
789 12.029 5 4.189 
790 11.926 4 4.174 
791 12.568 5 4.452 
792 12.213 5 4.389 
793 12.282 5 4.282 
794 10.772 4 3.604 
795 12.146 5 4.386 
796 12.538 5 4.51 
797 11.242 4 3.666 
798 11.147 4 3.659 
799 11.986 5 4.15 
800 12.278 5 4.238 
801 12.513 4 4.501 
802 11.346 5 3.802 
803 11.788 5 3.9 
804 11.156 5 3.704 
805 9.885 4 3.073 
806 11.823 5 4.131 
807 11.721 5 4.061 
808 11.291 4 3.923 
809 11.765 4 4.093 
810 10.643 5 3.515 
811 12.44 5 4.396 
812 11.955 5 4.135 
813 9.938 5 3.146 
814 11.621 5 4.005 
815 11.523 4 3.979 
816 11.211 4 3.763 
817 11.338 5 3.722 
818 11.731 4 3.887 
819 12.285 6 4.493 
820 11.328 4 3.776 
821 12.011 5 4.067 
822 11.274 5 3.726 
823 11.506 5 4.074 
824 11.913 4 4.173 
825 11.542 5 3.834 
826 11.394 4 3.934 
827 12.379 4 4.167 
828 10.061 4 3.209 
829 10.615 5 3.359 
830 11.368 4 3.864 
831 11.669 5 4.121 
832 11.609 5 4.097 
833 11.259 4 3.727 
834 11.929 4 4.161 
835 12.67 4 4.574 
836 12.744 5 4.42 
837 12.63 5 4.462 
838 11.406 4 3.87 
839 10.386 4 3.334 
840 11.998 5 4.174 
841 11.815 4 4.139 
842 12.499 4 4.559 
843 12.678 6 4.478 
844 12.63 4 4.474 
845 12.497 4 4.357 
846 10.942 6 3.77 
847 12.128 5 4.368 
848 12.535 5 4.423 
849 10.564 4 3.588 
850 10.804 5 3.584 
851 9.356 4 2.9 
852 10.718 4 3.494 
853 11.155 4 3.831 
854 10.644 5 3.532 
855 10.954 4 3.646 
856 11.609 4 4.025 
857 10.826 5 3.542 
858 12.292 5 4.168 
859 11.493 4 3.965 
860 12.126 5 4.246 
861 12.174 4 4.206 
862 11.631 5 4.063 
863 11.05 4 3.602 
864 11.436 5 3.844 
865 12.215 5 4.359 
866 11.624 4 3.872 
867 12.072 5 4.2 
868 10.711 4 3.535 
869 11.305 4 3.873 
870 12.242 4 4.318 
871 12.709 4 4.585 
872 12.082 5 4.182 
873 12.265 5 4.221 
874 12.779 5 4.871 
875 11.2 4 3.7 
876 11.649 4 4.021 
877 11.817 5 3.997 
878 12.324 5 4.18 
879 12.141 5 4.185 
880 10.562 4 3.358 
881 11.958 4 4.078 
882 11.662 5 4.046 
883 12.129 5 4.117 
884 9.876 4 3.02 
885 11.676 5 4.0 
886 11.556 4 3.836 
887 11.905 5 4.049 
888 12.041 5 4.089 
889 11.993 4 4.213 
890 12.647 4 4.467 
891 12.439 4 4.407 
892 12.926 5 4.694 
893 12.301 5 4.397 
894 12.552 4 4.428 
895 12.564 4 4.532 
896 12.643 5 4.455 
897 12.62 4 4.472 
898 11.588 4 3.84 
899 9.864 4 3.216 
900 11.796 5 3.868 
901 11.588 4 3.812 
902 11.927 5 3.971 
903 11.667 4 4.007 
904 10.831 5 3.667 
905 11.19 4 3.622 
906 11.774 4 3.93 
907 12.03 4 4.166 
908 9.607 4 2.943 
909 12.548 5 4.368 
910 11.829 4 4.049 
911 12.018 5 4.234 
912 11.978 4 4.014 
913 11.34 5 3.832 
914 12.133 5 4.081 
915 9.736 4 2.932 
916 11.567 5 3.831 
917 11.804 4 4.044 
918 12.284 4 4.2 
919 11.067 4 3.727 
920 11.708 4 3.992 
921 12.23 5 4.254 
922 11.595 5 3.911 
923 11.654 4 3.898 
924 12.35 5 4.278 
925 12.417 4 4.309 
926 12.14 4 4.22 
927 11.722 4 3.946 
928 10.264 5 3.332 
929 11.367 4 3.943 
930 11.902 4 4.282 
931 10.764 4 3.532 
932 11.954 4 4.158 
933 12.28 5 4.256 
934 11.569 4 3.921 
935 11.059 4 3.591 
936 12.658 4 4.65 
937 11.891 5 4.011 
938 11.529 4 3.997 
939 12.462 4 4.874 
940 12.766 5 4.85 
941 11.559 4 4.059 
942 11.719 5 3.847 
943 12.43 4 4.458 
944 11.871 5 4.171 
945 12.399 5 4.391 
946 8.173 5 2.185 
947 10.394 4 3.382 
948 12.543 5 4.463 
949 10.558 5 3.422 
950 12.014 4 4.242 
951 10.958 5 3.742 
952 11.64 5 4.052 
953 12.201 5 4.621 
954 11.916 5 4.16 
955 11.532 5 3.836 
956 11.158 5 3.77 
957 11.824 5 3.988 
958 12.12 4 4.256 
959 10.788 4 3.74 
960 11.114 4 3.79 
961 10.294 4 3.31 
962 10.548 5 3.348 
963 11.605 5 3.909 
964 11.137 5 3.621 
965 11.398 4 3.798 
966 11.758 4 4.022 
967 12.283 4 4.251 
968 12.494 5 4.386 
969 12.457 4 4.345 
970 9.553 4 3.009 
971 12.265 5 4.389 
972 10.837 4 3.613 
973 11.455 5 3.919 
974 12.079 5 4.227 
975 10.978 5 3.686 
976 12.598 4 4.682 
977 12.826 5 4.822 
978 10.361 4 3.301 
979 11.566 4 4.262 
980 11.488 4 3.888 
981 10.595 4 3.551 
982 11.688 5 3.884 
983 9.947 4 3.115 
984 11.853 4 4.173 
985 12.016 4 4.288 
986 11.599 4 3.907 
987 11.776 5 3.948 
988 12.072 5 4.148 
989 11.637 5 3.997 
990 12.177 5 4.313 
991 11.086 4 3.77 
992 12.345 5 4.225 
993 12.092 5 4.248 
994 11.094 4 3.81 
995 11.964 5 4.188 
996 11.007 4 3.643 
997 11.0 5 3.716 
998 11.601 5 3.953 
999 11.76 4 3.976 
1000 12.048 4 4.22 
1001 11.69 5 4.206 
1002 11.341 5 3.853 
1003 11.118 4 3.798 
1004 11.28 4 3.876 
1005 11.947 5 4.351 
1006 11.373 4 3.993 
1007 11.843 5 4.003 
1008 11.371 4 3.855 
1009 10.002 5 3.07 
1010 10.915 5 3.627 
1011 11.02 5 3.68 
1012 12.324 4 4.324 
1013 12.177 5 4.477 
1014 12.224 5 4.248 
1015 12.432 4 4.368 
1016 12.327 5 4.483 
1017 12.254 5 4.634 
1018 10.021 5 3.057 
1019 10.806 5 3.55 
1020 11.497 4 3.957 
1021 11.406 5 4.054 
1022 11.765 4 4.169 
1023 11.662 4 3.846 
1024 11.866 4 4.146 
1025 12.365 5 4.349 
1026 12.681 4 4.673 
1027 9.643 4 3.067 
1028 11.813 5 4.061 
1029 11.209 5 3.761 
1030 11.989 4 4.205 
1031 12.105 5 4.281 
1032 10.912 5 3.576 
1033 10.119 6 3.103 
1034 11.293 5 3.729 
1035 11.5 4 3.94 
1036 12.119 5 4.163 
1037 10.698 4 3.386 
1038 11.94 5 3.92 
1039 10.962 5 3.554 
1040 10.571 5 3.595 
1041 11.041 5 3.757 
1042 11.782 4 4.018 
1043 11.729 4 4.137 
1044 12.084 4 4.248 
1045 12.157 4 4.457 
1046 12.447 5 4.579 
1047 11.684 4 4.064 
1048 11.747 4 3.919 
1049 12.053 5 4.221 
1050 11.092 4 3.672 
1051 11.401 5 3.829 
1052 11.581 4 3.873 
1053 12.387 4 4.347 
1054 12.067 5 4.135 
1055 12.069 5 4.245 
1056 12.352 5 4.388 
1057 9.887 5 3.095 
1058 10.825 5 3.585 
1059 11.621 4 3.977 
1060 11.888 5 3.928 
1061 12.413 5 4.345 
1062 12.284 5 4.272 
1063 12.561 5 4.401 
1064 11.533 5 3.853 
1065 12.026 4 4.118 
1066 10.875 4 3.903 
1067 10.549 5 3.425 
1068 11.943 4 4.119 
1069 11.677 5 3.865 
1070 12.123 4 4.087 
1071 11.505 5 3.905 
1072 12.552 5 4.444 
1073 11.588 4 3.896 
1074 12.477 5 4.429 
1075 11.801 4 4.077 
1076 11.597 5 3.997 
1077 11.827 5 4.139 
1078 11.887 4 4.079 
1079 9.768 5 2.98 
1080 11.631 5 3.935 
1081 11.293 4 3.693 
1082 11.814 4 4.238 
1083 12.283 4 4.367 
1084 12.486 4 4.606 
1085 12.352 5 4.416 
1086 12.493 4 4.621 
1087 11.88 5 4.12 
1088 9.666 4 2.874 
1089 10.379 4 3.331 
1090 12.014 5 4.222 
1091 12.144 5 4.096 
1092 11.331 5 3.843 
1093 11.506 4 4.03 
1094 11.565 4 3.853 
1095 11.966 4 4.118 
1096 11.303 5 3.791 
1097 11.122 5 3.674 
1098 11.594 5 3.934 
1099 11.357 5 3.833 
1100 10.226 4 3.242 
1101 11.973 5 4.193 
1102 12.033 5 4.321 
1103 11.752 4 3.976 
1104 12.582 5 4.466 
1105 11.385 5 3.829 
1106 10.703 4 3.847 
1107 11.7 5 3.932 
1108 11.191 5 3.719 
1109 11.364 5 3.96 
1110 12.488 4 4.432 
1111 12.012 5 4.26 
1112 12.915 5 4.727 
1113 12.193 5 4.277 
1114 10.459 5 3.331 
1115 11.797 5 4.053 
1116 11.207 5 3.783 
1117 10.965 4 3.701 
1118 11.8 4 4.26 
1119 11.907 5 4.071 
1120 12.748 5 4.476 
1121 12.531 5 4.391 
1122 11.787 5 4.071 
1123 11.982 5 4.042 
1124 11.711 5 3.951 
1125 12.384 5 4.428 
1126 11.672 5 3.888 
1127 11.778 5 4.158 
1128 10.65 5 3.47 
1129 11.173 4 3.665 
1130 11.971 4 4.039 
1131 12.6 5 4.904 
1132 11.91 5 3.958 
1133 11.135 4 3.767 
1134 11.126 4 3.626 
1135 11.613 5 3.889 
1136 11.939 5 4.151 
1137 11.657 5 3.905 
1138 10.07 5 3.122 
1139 11.972 5 4.12 
1140 10.953 4 3.581 
1141 11.274 4 3.698 
1142 12.142 5 4.618 
1143 11.766 4 4.118 
1144 12.057 4 4.337 
1145 11.079 4 3.667 
1146 11.416 4 4.084 
1147 11.895 4 4.079 
1148 10.476 5 3.384 
1149 11.419 5 3.851 
1150 11.92 5 4.12 
1151 12.472 5 4.396 
1152 11.695 5 4.091 
1153 11.875 5 4.003 
1154 11.739 4 4.179 
1155 11.396 4 3.916 
1156 12.05 4 4.166 
1157 11.964 5 4.056 
1158 12.079 4 4.251 
1159 12.313 4 4.337 
1160 11.271 4 3.759 
1161 11.458 4 3.758 
1162 12.181 5 4.345 
1163 12.611 4 4.527 
1164 12.455 5 4.279 
1165 12.456 5 4.28 
1166 11.932 4 4.248 
1167 12.204 5 4.3 
1168 11.004 5 3.708 
1169 9.595 4 2.911 
1170 11.288 4 3.692 
1171 12.253 5 4.317 
1172 12.657 5 4.917 
1173 11.022 5 3.706 
1174 11.909 4 4.313 
1175 12.062 5 4.346 
1176 10.639 4 3.523 
1177 10.518 5 3.546 
1178 11.372 5 3.908 
1179 11.78 4 4.096 
1180 12.127 4 4.395 
1181 10.78 4 3.556 
1182 11.438 5 4.058 
1183 12.17 5 4.206 
1184 11.822 5 4.166 
1185 11.919 5 4.083 
1186 10.188 4 3.176 
1187 11.124 4 3.696 
1188 11.706 5 3.99 
1189 12.02 5 4.056 
1190 12.318 5 4.406 
1191 11.423 5 3.839 
1192 12.012 4 4.356 
1193 12.13 5 4.25 
1194 11.586 4 4.074 
1195 11.734 5 4.154 
1196 11.234 4 3.71 
1197 12.162 5 4.158 
1198 11.469 4 3.909 
1199 11.395 5 3.847 
1200 11.305 4 3.785 
1201 12.156 5 4.356 
1202 10.91 5 3.61 
1203 11.464 5 4.032 
1204 11.22 5 3.788 
1205 11.948 4 4.108 
1206 10.624 4 3.468 
1207 11.279 5 3.763 
1208 11.988 5 4.132 
1209 10.233 4 3.309 
1210 11.757 5 3.929 
1211 11.914 5 4.034 
1212 10.969 5 3.621 
1213 12.126 5 4.194 
1214 11.728 4 4.096 
1215 11.886 4 4.138 
1216 12.3 4 4.48 
1217 12.048 4 4.168 
1218 11.469 5 3.933 
1219 11.991 5 4.163 
1220 11.99 5 4.146 
1221 12.006 4 4.13 
1222 11.887 5 4.259 
1223 12.815 5 5.047 
1224 11.402 5 3.774 
1225 11.986 5 3.986 
1226 10.377 5 3.485 
1227 12.891 5 4.651 
1228 11.808 5 4.292 
1229 12.415 5 4.475 
1230 10.921 5 3.645 
1231 12.286 4 4.358 
1232 11.689 5 3.953 
1233 11.643 4 4.095 
1234 10.907 5 3.547 
1235 11.198 5 3.69 
1236 12.634 5 4.51 
1237 10.49 4 3.33 
1238 10.707 4 3.811 
1239 11.962 5 4.282 
1240 9.741 5 3.025 
1241 11.658 5 4.106 
1242 12.339 4 4.299 
1243 12.557 5 4.381 
1244 12.831 4 4.619 
1245 10.128 5 3.228 
1246 12.141 5 4.073 
1247 10.846 5 3.686 
1248 10.743 5 3.491 
1249 11.416 4 3.856 
1250 11.395 4 3.979 
1251 12.059 5 4.331 
1252 12.624 5 4.5 
1253 12.374 4 4.31 
1254 10.664 5 3.584 
1255 11.074 5 3.642 
1256 11.12 4 3.744 
1257 12.066 5 4.186 
1258 12.478 5 4.262 
1259 11.07 4 3.874 
1260 12.02 5 4.084 
1261 11.75 5 3.954 
1262 10.489 4 3.353 
1263 12.004 5 4.216 
1264 11.744 4 3.996 
1265 12.736 5 4.784 
1266 10.756 4 3.528 
1267 12.147 4 4.371 
1268 11.974 5 4.19 
1269 11.553 4 3.989 
1270 12.769 5 4.669 
1271 12.25 5 4.398 
1272 12.299 5 4.451 
1273 11.771 5 4.011 
1274 10.691 4 3.623 
1275 10.299 5 3.263 
1276 10.109 4 3.189 
1277 11.719 4 3.979 
1278 11.66 4 3.928 
1279 11.609 4 3.941 
1280 13.305 4 5.141 
1281 11.328 5 3.944 
1282 11.723 5 3.951 
1283 11.869 4 4.113 
1284 12.236 5 4.312 
1285 11.617 5 3.905 
1286 12.15 5 4.286 
1287 12.046 5 4.302 
1288 12.417 5 4.249 
1289 13.61 5 5.198 
1290 12.841 5 4.625 
1291 8.856 4 2.556 
1292 12.087 5 4.199 
1293 11.474 4 3.77 
1294 9.148 4 2.716 
1295 11.684 5 3.888 
1296 12.043 5 4.175 
1297 11.71 5 4.026 
1298 11.597 5 3.781 
1299 11.949 5 4.105 
1300 12.368 5 4.552 
1301 12.712 5 4.596 
1302 10.793 4 3.733 
1303 11.718 5 3.978 
1304 12.253 5 4.357 
1305 12.797 5 4.557 
1306 11.899 4 4.099 
1307 11.537 5 4.213 
1308 12.49 5 4.302 
1309 11.936 5 4.176 
1310 10.127 4 3.135 
1311 11.216 4 3.884 
1312 12.158 5 4.29 
1313 12.273 5 4.329 
1314 10.697 5 3.473 
1315 10.071 5 3.087 
1316 10.688 4 3.416 
1317 11.18 5 3.684 
1318 11.877 5 4.057 
1319 11.657 5 3.873 
1320 11.808 4 3.996 
1321 11.651 5 3.951 
1322 11.548 4 3.896 
1323 10.21 5 3.57 
1324 11.136 4 3.8 
1325 11.951 4 4.191 
1326 11.806 4 4.166 
1327 11.33 4 4.006 
1328 11.524 5 3.968 
1329 11.639 4 4.035 
1330 11.402 5 4.038 
1331 11.434 5 3.986 
1332 12.186 4 4.318 
1333 11.757 4 3.941 
1334 12.529 5 4.421 
1335 10.889 4 3.593 
1336 12.873 5 4.933 
1337 11.897 5 4.073 
1338 12.035 4 4.303 
1339 11.765 5 3.977 
1340 12.489 4 4.445 
1341 9.944 4 3.228 
1342 12.427 5 4.211 
1343 10.417 5 3.273 
1344 9.862 4 3.09 
1345 11.135 4 3.759 
1346 11.051 5 3.879 
1347 11.529 4 3.793 
1348 11.503 4 3.915 
1349 11.472 4 3.8 
1350 10.614 4 3.37 
1351 12.432 4 4.476 
1352 11.195 4 3.903 
1353 11.663 5 3.943 
1354 11.447 5 3.911 
1355 12.002 4 4.142 
1356 12.073 5 4.101 
1357 11.479 5 3.799 
1358 11.994 5 4.006 
1359 11.613 4 3.889 
1360 12.776 5 4.78 
1361 12.482 4 4.482 
1362 12.416 5 4.58 
1363 12.624 5 4.976 
1364 12.368 4 4.408 
1365 11.503 4 4.043 
1366 11.713 5 4.025 
1367 12.322 5 4.358 
1368 12.065 5 4.937 
1369 11.687 4 4.059 
1370 12.239 5 4.171 
1371 11.523 5 4.095 
1372 11.785 5 4.133 
1373 12.037 5 4.149 
1374 12.355 4 4.259 
1375 12.298 5 4.334 
1376 11.063 5 3.635 
1377 12.174 5 4.422 
1378 12.432 4 4.5 
1379 11.142 5 3.722 
1380 11.322 5 3.818 
1381 12.407 4 4.351 
1382 11.059 5 3.687 
1383 12.364 5 4.44 
1384 12.474 4 4.398 
1385 12.622 5 4.378 
1386 11.843 4 4.159 
1387 11.738 5 3.914 
1388 12.058 5 4.442 
1389 12.059 4 4.211 
1390 11.6 4 4.072 
1391 10.622 4 3.506 
1392 10.548 5 3.384 
1393 11.164 4 3.696 
1394 11.412 5 3.948 
1395 11.236 5 3.792 
1396 11.474 5 3.994 
1397 12.282 4 4.318 
1398 12.199 5 5.103 
1399 12.278 4 4.298 
1400 11.837 4 3.989 
1401 11.251 5 3.847 
1402 11.181 4 3.693 
1403 11.361 4 3.745 
1404 10.134 5 3.278 
1405 10.232 4 3.232 
1406 10.8 4 3.532 
1407 12.279 5 4.327 
1408 11.82 5 4.148 
1409 11.949 5 4.141 
1410 11.063 4 3.823 
1411 12.336 4 4.428 
1412 12.189 5 4.333 
1413 12.181 4 4.245 
1414 10.488 5 3.468 
1415 11.539 5 3.851 
1416 12.125 4 4.205 
1417 12.624 5 4.532 
1418 11.356 5 3.756 
1419 12.375 5 4.383 
1420 11.614 5 4.098 
1421 11.474 5 4.002 
1422 11.574 5 3.874 
1423 12.364 5 4.32 
1424 12.242 5 4.426 
1425 12.47 5 4.442 
1426 12.09 5 4.21 
1427 11.391 5 3.647 
1428 11.704 4 3.916 
1429 12.502 4 4.234 
1430 10.662 4 3.506 
1431 11.049 5 3.669 
1432 11.828 5 4.152 
1433 11.864 5 4.136 
1434 11.064 4 3.744 
1435 10.802 5 3.594 
1436 11.316 5 3.788 
1437 11.179 5 3.671 
1438 11.506 4 3.93 
1439 12.229 4 4.301 
1440 11.163 5 3.739 
1441 11.707 4 4.035 
1442 12.002 4 4.234 
1443 12.804 5 4.608 
1444 11.882 5 4.13 
1445 12.193 5 4.445 
1446 11.881 4 4.193 
1447 11.503 4 3.799 
1448 11.877 5 4.121 
1449 11.749 4 4.029 
1450 12.152 4 4.292 
1451 11.097 5 3.853 
1452 12.104 4 4.264 
1453 11.784 4 4.228 
1454 11.282 5 3.99 
1455 11.906 4 4.398 
1456 12.307 6 4.323 
1457 12.29 4 4.322 
1458 12.705 5 4.745 
1459 12.136 4 4.204 
1460 11.764 4 4.108 
1461 12.21 5 4.334 
1462 12.508 4 4.732 
1463 11.425 4 4.053 
1464 12.207 5 4.279 
1465 11.438 4 3.758 
1466 12.235 4 4.283 
1467 9.608 4 2.976 
1468 9.9 4 3.08 
1469 12.124 4 4.284 
1470 11.932 4 4.112 
1471 10.788 5 3.484 
1472 10.329 5 3.377 
1473 11.479 4 3.919 
1474 11.928 5 4.12 
1475 10.958 4 3.546 
1476 11.271 4 3.831 
1477 11.926 5 4.218 
1478 11.654 5 3.982 
1479 11.397 4 3.773 
1480 11.95 5 3.986 
1481 11.678 4 4.042 
1482 11.369 4 3.857 
1483 12.038 5 4.094 
1484 10.387 4 3.379 
1485 11.23 4 3.942 
1486 12.408 4 4.408 
1487 11.935 4 4.135 
1488 11.951 4 4.095 
1489 12.679 4 4.635 
1490 12.338 5 4.642 
1491 11.788 4 4.032 
1492 12.412 5 4.292 
1493 10.565 5 3.333 
1494 10.843 5 3.647 
1495 11.911 5 4.239 
1496 11.648 4 4.096 
1497 11.68 4 3.896 
1498 11.927 5 4.087 
1499 11.684 5 4.028 
1500 12.371 4 4.303 
1501 12.003 4 4.227 
1502 11.36 5 3.856 
1503 11.6 5 3.976 
1504 12.329 5 4.521 
1505 12.183 4 4.391 
1506 11.321 4 3.897 
1507 12.693 5 4.785 
1508 11.806 5 4.062 
1509 11.188 4 3.804 
1510 11.568 5 3.912 
1511 12.261 4 4.265 
1512 10.828 5 3.456 
1513 11.978 5 4.098 
1514 11.395 5 3.691 
1515 11.98 4 4.156 
1516 11.416 5 3.896 
1517 11.044 5 3.792 
1518 11.403 4 4.131 
1519 11.484 5 3.904 
1520 11.674 5 4.19 
1521 10.092 5 3.22 
1522 11.59 5 3.95 
1523 12.185 5 4.173 
1524 11.49 5 3.854 
1525 11.828 5 4.012 
1526 10.898 5 3.554 
1527 11.204 5 3.736 
1528 11.353 5 3.749 
1529 12.275 4 4.223 
1530 12.636 5 4.416 
1531 11.825 4 4.105 
1532 11.681 5 4.045 
1533 11.917 4 4.225 
1534 10.57 5 3.606 
1535 11.953 5 4.125 
1536 11.645 5 4.145 
1537 11.462 4 3.998 
1538 10.688 5 3.584 
1539 11.785 4 4.013 
1540 12.212 5 4.448 
1541 12.11 4 4.186 
1542 12.228 4 4.336 
1543 11.74 4 4.068 
1544 10.057 5 3.201 
1545 10.294 5 3.51 
1546 11.988 4 4.168 
1547 11.987 5 4.235 
1548 12.7 5 4.708 
1549 9.657 5 3.029 
1550 10.54 4 3.6 
1551 11.709 4 4.025 
1552 11.079 4 3.715 
1553 12.219 5 4.251 
1554 11.223 5 3.735 
1555 11.592 5 3.944 
1556 12.07 5 4.346 
1557 12.137 4 4.241 
1558 11.956 5 4.164 
1559 10.087 4 3.263 
1560 11.658 4 3.87 
1561 11.775 5 4.395 
1562 10.802 4 3.642 
1563 12.484 5 4.324 
1564 12.335 4 4.259 
1565 11.964 4 4.08 
1566 11.944 5 4.016 
1567 10.381 4 3.277 
1568 10.801 4 3.541 
1569 11.246 4 3.742 
1570 12.134 5 4.102 
1571 11.655 4 4.079 
1572 11.614 4 4.314 
1573 10.674 4 3.558 
1574 11.882 5 4.154 
1575 12.135 5 4.219 
1576 10.911 4 3.523 
1577 10.897 5 3.777 
1578 12.089 4 4.285 
1579 12.231 5 4.403 
1580 11.053 5 3.581 
1581 11.673 5 3.973 
1582 11.516 5 3.932 
1583 11.571 4 4.127 
1584 11.431 5 3.803 
1585 11.467 5 3.915 
1586 11.973 6 4.121 
1587 11.839 5 3.963 
1588 12.198 5 4.302 
1589 12.143 5 4.143 
1590 12.03 4 4.19 
1591 11.575 5 3.827 
1592 11.589 4 3.793 
1593 11.565 4 4.001 
1594 10.614 4 3.434 
1595 12.087 5 4.107 
1596 12.353 5 4.333 
1597 12.232 5 4.264 
1598 12.128 4 4.204 
1599 12.094 5 4.222 
1600 12.414 4 4.314 
1601 12.43 4 4.374 
1602 11.852 5 4.052 
1603 10.365 4 3.309 
1604 12.325 5 4.349 
1605 12.011 5 4.051 
1606 12.763 5 4.747 
1607 11.545 5 3.889 
1608 11.444 5 3.684 
1609 9.853 5 2.977 
1610 11.42 5 3.748 
1611 11.767 5 3.823 
1612 12.068 4 4.188 
1613 11.653 4 3.833 
1614 11.892 4 4.076 
1615 11.747 4 3.959 
1616 12.094 5 4.138 
1617 11.501 5 3.853 
1618 11.988 4 4.064 
1619 10.836 4 3.732 
1620 11.312 5 3.856 
1621 11.54 4 3.872 
1622 11.255 4 3.759 
1623 12.206 5 4.166 
1624 11.176 5 3.86 
1625 10.58 5 3.42 
1626 11.094 4 3.626 
1627 11.51 5 3.898 
1628 12.361 5 4.261 
1629 12.242 4 4.302 
1630 10.783 5 3.595 
1631 11.991 4 4.139 
1632 11.967 5 4.143 
1633 12.752 5 4.508 
1634 11.207 5 3.715 
1635 11.504 4 4.032 
1636 12.173 4 4.225 
1637 11.285 5 3.733 
1638 11.515 4 4.127 
1639 11.801 5 4.045 
1640 11.992 4 4.096 
1641 10.794 4 3.798 
1642 12.381 5 4.557 
1643 10.547 5 3.343 
1644 11.151 4 3.703 
1645 10.543 5 3.403 
1646 10.686 5 3.454 
1647 11.267 4 3.843 
1648 11.933 5 4.269 
1649 11.755 4 4.023 
1650 11.946 5 4.194 
1651 10.717 4 3.481 
1652 11.767 4 4.027 
1653 11.809 5 3.997 
1654 11.7 5 3.912 
1655 12.252 5 4.144 
1656 11.902 5 4.042 
1657 11.834 5 4.042 
1658 10.761 4 3.477 
1659 12.046 5 4.19 
1660 10.203 5 3.175 
1661 11.819 5 4.099 
1662 11.766 5 4.034 
1663 11.224 4 3.796 
1664 11.285 5 3.977 
1665 11.06 4 3.8 
1666 11.595 4 4.071 
1667 11.006 4 3.654 
1668 11.305 5 3.805 
1669 11.536 5 3.912 
1670 11.247 4 3.811 
1671 11.843 5 4.079 
1672 10.817 5 3.529 
1673 11.88 4 4.04 
1674 10.908 4 3.664 
1675 11.71 5 4.07 
1676 12.155 5 4.239 
1677 11.515 5 3.863 
1678 11.792 4 4.088 
1679 12.538 5 4.494 
1680 11.784 5 3.992 
1681 11.633 5 4.001 
1682 11.232 4 3.696 
1683 11.393 4 3.969 
1684 11.397 5 3.853 
1685 12.038 5 4.262 
1686 11.459 5 3.919 
1687 12.415 5 4.599 
1688 12.617 4 5.017 
1689 11.476 5 3.832 
1690 12.31 5 4.258 
1691 10.842 5 3.654 
1692 10.854 4 3.614 
1693 12.312 4 4.324 
1694 12.058 5 4.19 
1695 11.805 5 3.937 
1696 11.688 5 3.852 
1697 10.263 5 3.275 
1698 10.838 4 3.562 
1699 11.757 5 4.081 
1700 12.019 5 4.215 
1701 12.252 4 4.44 
1702 11.267 5 3.775 
1703 13.016 5 4.984 
1704 12.211 5 4.135 
1705 12.269 5 4.565 
1706 10.764 4 3.648 
1707 11.439 5 3.791 
1708 11.758 4 3.998 
1709 10.327 4 3.331 
1710 10.346 5 3.294 
1711 11.005 5 3.789 
1712 11.823 5 3.999 
1713 11.304 5 3.688 
1714 11.504 4 3.824 
1715 12.055 5 4.203 
1716 11.982 5 4.106 
1717 11.714 4 3.97 
1718 12.018 5 4.11 
1719 11.37 4 3.966 
1720 12.04 4 4.276 
1721 12.567 4 4.579 
1722 11.949 4 4.129 
1723 11.965 5 4.045 
1724 11.904 5 4.136 
1725 12.399 4 4.391 
1726 12.197 5 4.353 
1727 12.256 5 4.328 
1728 12.173 5 4.161 
1729 9.646 5 3.042 
1730 10.188 4 3.308 
1731 10.899 5 3.599 
1732 11.354 5 3.75 
1733 11.765 4 4.121 
1734 11.668 5 3.928 
1735 12.348 5 4.48 
1736 12.108 5 4.172 
1737 12.121 5 4.025 
1738 12.374 4 4.406 
1739 11.978 5 4.23 
1740 12.011 4 4.175 
1741 11.387 4 3.951 
1742 10.968 5 3.628 
1743 10.691 4 3.527 
1744 11.23 5 3.798 
1745 11.543 5 3.923 
1746 13.042 6 5.01 
1747 11.821 4 4.073 
1748 11.697 5 3.917 
1749 11.834 5 4.142 
1750 12.306 4 4.406 
1751 12.177 5 4.237 
1752 11.11 5 3.594 
1753 10.842 5 3.614 
1754 11.899 6 4.027 
1755 13.048 5 4.848 
1756 11.839 5 3.999 
1757 11.258 4 3.826 
1758 10.551 5 3.355 
1759 11.742 4 4.11 
1760 11.423 4 3.855 
1761 11.77 5 4.05 
1762 12.602 5 4.454 
1763 11.872 5 4.136 
1764 11.758 5 3.978 
1765 12.086 5 4.09 
1766 11.7 4 4.292 
1767 11.63 4 4.162 
1768 11.799 5 4.099 
1769 11.886 5 3.99 
1770 12.286 4 4.274 
1771 11.444 4 3.976 
1772 11.437 5 3.857 
1773 12.444 4 4.616 
1774 11.842 5 4.058 
1775 12.658 4 4.762 
1776 12.272 5 4.344 
1777 10.942 4 3.542 
1778 12.238 5 4.162 
1779 10.28 5 3.248 
1780 11.641 5 3.857 
1781 10.617 4 3.645 
1782 11.217 4 3.793 
1783 11.604 5 4.144 
1784 11.709 5 3.905 
1785 12.153 4 4.285 
1786 12.163 5 4.203 
1787 12.225 5 4.377 
1788 10.538 5 3.494 
1789 10.861 4 3.677 
1790 10.311 5 3.259 
1791 11.05 4 3.642 
1792 11.309 4 3.749 
1793 12.059 4 4.323 
1794 12.202 5 4.298 
1795 12.109 5 4.153 
1796 10.752 5 3.612 
1797 12.37 5 4.21 
1798 12.084 5 4.248 
1799 12.466 4 4.414 
1800 11.737 5 3.989 
1801 11.684 5 4.0 
1802 12.029 5 4.245 
1803 11.53 4 3.838 
1804 12.4 4 4.244 
1805 11.955 4 4.127 
1806 12.184 5 4.304 
1807 10.673 5 3.673 
1808 10.248 5 3.408 
1809 11.546 5 3.83 
1810 11.718 4 3.874 
1811 11.346 5 3.682 
1812 11.418 5 3.762 
1813 11.362 5 4.03 
1814 11.814 4 3.962 
1815 11.663 5 4.047 
1816 11.932 5 3.972 
1817 12.214 5 4.13 
1818 11.78 4 4.012 
1819 12.438 5 4.594 
1820 11.974 5 4.21 
1821 12.451 5 4.319 
1822 12.09 5 4.174 
1823 11.235 5 3.611 
1824 11.435 4 3.923 
1825 10.594 5 3.294 
1826 12.227 5 4.167 
1827 10.924 4 3.568 
1828 11.358 4 3.742 
1829 11.028 5 3.668 
1830 11.667 5 4.215 
1831 11.782 5 3.882 
1832 11.21 5 3.766 
1833 11.946 5 4.23 
1834 11.634 5 3.97 
1835 11.978 5 4.034 
1836 12.03 4 4.146 
1837 11.17 4 3.742 
1838 11.863 5 4.031 
1839 10.659 5 3.575 
1840 9.943 5 3.135 
1841 11.508 4 4.052 
1842 12.238 4 4.47 
1843 10.534 4 3.506 
1844 11.956 5 4.12 
1845 12.247 5 4.267 
1846 12.432 4 4.356 
1847 11.458 4 4.27 
1848 11.483 5 3.903 
1849 11.77 4 4.002 
1850 12.263 4 4.587 
1851 11.751 4 3.955 
1852 10.562 5 3.402 
1853 11.476 4 3.972 
1854 11.481 4 3.969 
1855 12.03 5 4.174 
1856 12.915 5 4.759 
1857 11.746 5 4.31 
1858 10.743 5 3.523 
1859 8.829 5 2.589 
1860 10.985 5 3.685 
1861 11.684 4 3.948 
1862 11.745 5 4.065 
1863 11.304 5 3.788 
1864 11.116 5 3.736 
1865 11.197 6 3.901 
1866 9.175 5 2.663 
1867 11.77 5 4.178 
1868 11.011 5 3.775 
1869 11.391 5 3.815 
1870 11.725 4 4.021 
1871 12.24 4 4.188 
1872 11.156 5 3.72 
1873 12.859 4 4.803 
1874 11.17 4 3.706 
1875 11.119 4 3.779 
1876 11.117 5 3.689 
1877 11.405 4 3.829 
1878 10.371 4 3.195 
1879 11.437 5 3.801 
1880 11.157 4 3.621 
1881 11.498 5 3.998 
1882 11.488 5 3.772 
1883 11.615 4 3.963 
1884 11.238 4 3.846 
1885 12.745 5 4.677 
1886 12.268 5 4.328 
1887 11.411 4 3.883 
1888 12.006 5 4.086 
1889 11.918 4 4.126 
1890 11.394 5 3.99 
1891 12.365 4 4.401 
1892 11.376 5 3.82 
1893 11.858 4 4.13 
1894 11.45 5 3.826 
1895 12.148 4 4.252 
1896 12.427 5 4.407 
1897 12.619 5 4.439 
1898 11.739 4 4.023 
1899 12.274 5 4.234 
1900 10.317 4 3.217 
1901 11.379 5 3.835 
1902 10.807 4 3.595 
1903 11.444 4 3.912 
1904 12.493 4 4.433 
1905 12.126 5 4.21 
1906 11.819 5 4.019 
1907 12.081 4 4.269 
1908 12.189 5 4.281 
1909 11.541 4 4.033 
1910 12.664 5 4.572 
1911 12.055 5 4.067 
1912 11.759 5 4.087 
1913 11.041 5 3.805 
1914 12.001 5 4.093 
1915 12.544 4 4.408 
1916 12.463 4 4.347 
1917 12.654 5 4.858 
1918 11.8 5 3.972 
1919 13.021 4 4.849 
1920 12.322 5 4.278 
1921 11.788 4 3.964 
1922 10.693 4 3.469 
1923 12.415 4 4.515 
1924 12.782 4 4.746 
1925 12.229 5 4.405 
1926 12.057 5 4.245 
1927 12.566 5 4.506 
1928 12.058 5 4.166 
1929 11.069 5 3.621 
1930 10.875 4 3.503 
1931 12.03 4 4.134 
1932 11.717 4 4.069 
1933 11.354 4 4.446 
1934 11.579 5 3.927 
1935 9.945 5 3.053 
1936 11.674 5 4.106 
1937 11.923 5 4.047 
1938 11.309 5 3.877 
1939 10.687 4 3.631 
1940 11.881 5 4.193 
1941 12.044 5 4.308 
1942 12.476 5 4.316 
1943 11.135 4 3.883 
1944 12.03 4 4.106 
1945 11.577 5 3.961 
1946 11.997 4 4.205 
1947 11.378 4 3.854 
1948 10.264 4 3.524 
1949 11.904 5 4.176 
1950 11.092 4 3.756 
1951 11.167 5 3.695 
1952 12.016 5 4.324 
1953 11.135 5 3.739 
1954 11.612 5 4.028 
1955 11.22 5 3.832 
1956 11.967 5 4.199 
1957 11.971 5 4.219 
1958 11.048 5 3.728 
1959 11.467 5 4.155 
1960 11.632 5 4.192 
1961 12.5 5 4.5 
1962 12.071 5 4.271 
1963 11.551 5 3.939 
1964 11.875 4 4.099 
1965 10.965 5 3.705 
1966 11.251 4 3.971 
1967 11.455 5 3.799 
1968 11.311 4 3.867 
1969 11.911 5 4.111 
1970 11.227 4 3.803 
1971 11.422 5 3.766 
1972 11.486 4 3.83 
1973 12.182 4 4.146 
1974 10.692 4 3.472 
1975 11.047 5 3.731 
1976 11.849 5 4.065 
1977 12.102 5 4.194 
1978 11.048 4 3.732 
1979 12.321 5 4.393 
1980 12.011 5 4.187 
1981 12.433 5 4.593 
1982 12.404 5 4.324 
1983 11.811 5 4.151 
1984 10.73 4 3.558 
1985 10.897 5 3.753 
1986 10.907 5 3.647 
1987 11.178 5 3.65 
1988 12.199 4 4.331 
1989 10.804 5 3.612 
1990 12.008 5 4.244 
1991 11.386 5 3.946 
1992 11.943 5 4.027 
1993 12.019 4 4.095 
1994 11.766 5 4.054 
1995 12.103 5 4.327 
1996 11.008 5 3.696 
1997 11.477 5 3.889 
1998 11.737 5 4.061 
1999 11.038 5 3.646 
